id;job_career_desc;img;img_content_type
1;../fake-data/blob/hipster.txt;../fake-data/blob/hipster.png;image/png
2;../fake-data/blob/hipster.txt;../fake-data/blob/hipster.png;image/png
3;../fake-data/blob/hipster.txt;../fake-data/blob/hipster.png;image/png
4;../fake-data/blob/hipster.txt;../fake-data/blob/hipster.png;image/png
5;../fake-data/blob/hipster.txt;../fake-data/blob/hipster.png;image/png
6;../fake-data/blob/hipster.txt;../fake-data/blob/hipster.png;image/png
7;../fake-data/blob/hipster.txt;../fake-data/blob/hipster.png;image/png
8;../fake-data/blob/hipster.txt;../fake-data/blob/hipster.png;image/png
9;../fake-data/blob/hipster.txt;../fake-data/blob/hipster.png;image/png
10;../fake-data/blob/hipster.txt;../fake-data/blob/hipster.png;image/png
